[gd_scene load_steps=4 format=3 uid="uid://cl7rqf6wexy4u"]

[ext_resource type="PackedScene" uid="uid://btl6dkhgjuf6c" path="res://assets/3D_files/tunel/tunel_rovne_6X3.glb" id="1_os62l"]

[sub_resource type="BoxShape3D" id="BoxShape3D_ua2qj"]
size = Vector3(5.99396, 1, 11.9685)

[sub_resource type="BoxShape3D" id="BoxShape3D_vxwq1"]
size = Vector3(6.09665, 8.17221, 11.6914)

[node name="Tunnel" type="Tunnel"]

[node name="tunel_rovne_6X3" parent="." instance=ExtResource("1_os62l")]
transform = Transform3D(1, 0, 0, 0, 1, 0, 0, 0, 1, 0.00108053, -2.38419e-07, -0.000956535)

[node name="CollisionShape3D" type="CollisionShape3D" parent="."]
transform = Transform3D(1, 0, 0, 0, 1, 0, 0, 0, 1, 0.00161743, -2.91693, -0.00500488)
shape = SubResource("BoxShape3D_ua2qj")

[node name="CollisionShape3D4" type="CollisionShape3D" parent="."]
transform = Transform3D(1, 0, 0, 0, 1, 0, 0, 0, 1, 0.00161743, 3.36899, -0.00500488)
shape = SubResource("BoxShape3D_ua2qj")

[node name="CollisionShape3D2" type="CollisionShape3D" parent="."]
transform = Transform3D(-1.74483e-05, -1, 0, 1, -1.74483e-05, 0, 0, 0, 1, -3.49746, 0.58276, -0.00500488)
shape = SubResource("BoxShape3D_ua2qj")

[node name="CollisionShape3D3" type="CollisionShape3D" parent="."]
transform = Transform3D(-1.74483e-05, -1, 0, 1, -1.74483e-05, 0, 0, 0, 1, 3.49343, 0.58276, -0.00500488)
shape = SubResource("BoxShape3D_ua2qj")

[node name="SpotLight3D3" type="SpotLight3D" parent="."]
transform = Transform3D(0.0617459, 0.518505, -0.852843, 0.0621863, 0.850814, 0.521774, 0.996153, -0.0852525, 0.0202904, -1.9638, 2.40539, -2.90355)
light_energy = 1.917
spot_range = 22.04
spot_angle = 20.92

[node name="SpotLight3D4" type="SpotLight3D" parent="."]
transform = Transform3D(0.0750487, 0.630077, 0.772897, -0.045892, -0.77208, 0.633867, 0.996123, -0.0830408, -0.0290281, 1.73737, 2.40539, -2.90355)
light_energy = 1.917
spot_range = 22.04
spot_angle = 20.92

[node name="SpotLight3D5" type="SpotLight3D" parent="."]
transform = Transform3D(0.0617459, 0.518505, -0.852843, 0.0621863, 0.850814, 0.521774, 0.996153, -0.0852525, 0.0202904, -1.9638, 2.40539, 2.89312)
light_energy = 1.917
spot_range = 22.04
spot_angle = 20.92

[node name="SpotLight3D6" type="SpotLight3D" parent="."]
transform = Transform3D(0.0750487, 0.630077, 0.772897, -0.045892, -0.77208, 0.633867, 0.996123, -0.0830408, -0.0290281, 1.73737, 2.40539, 2.89312)
light_energy = 1.917
spot_range = 22.04
spot_angle = 20.92

[node name="MafiaConnections" type="Node" parent="."]

[node name="South" type="Marker3D" parent="MafiaConnections"]
transform = Transform3D(1, 0, 0, 0, 1, 0, 0, 0, 1, 0, 0, -5.96222)

[node name="North" type="Marker3D" parent="MafiaConnections"]
transform = Transform3D(1, 0, 0, 0, 1, 0, 0, 0, 1, 0, 0, 5.91092)

[node name="Area3D" type="Area3D" parent="."]

[node name="CollisionShape3D" type="CollisionShape3D" parent="Area3D"]
transform = Transform3D(1, 0, 0, 0, 1, 0, 0, 0, 1, -0.0540791, -0.0767341, 0.0826645)
shape = SubResource("BoxShape3D_vxwq1")
